3.550000000000000000e+02
3.470000000000000000e+02
1.860000000000000000e+02
5.700000000000000000e+01
6.200000000000000000e+01
3.550000000000000000e+02
6.400000000000000000e+01
3.550000000000000000e+02
3.190000000000000000e+02
1.920000000000000000e+02
2.590000000000000000e+02
6.500000000000000000e+01
3.550000000000000000e+02
3.210000000000000000e+02
1.920000000000000000e+02
2.570000000000000000e+02
6.200000000000000000e+01
3.550000000000000000e+02
3.350000000000000000e+02
1.850000000000000000e+02
2.570000000000000000e+02
1.930000000000000000e+02
1.930000000000000000e+02
2.610000000000000000e+02
6.500000000000000000e+01
3.450000000000000000e+02
1.900000000000000000e+02
1.930000000000000000e+02
2.750000000000000000e+02
5.700000000000000000e+01
6.400000000000000000e+01
2.610000000000000000e+02
5.300000000000000000e+01
5.300000000000000000e+01
3.550000000000000000e+02
2.950000000000000000e+02
1.810000000000000000e+02
1.850000000000000000e+02
1.930000000000000000e+02
2.570000000000000000e+02
5.300000000000000000e+01
5.700000000000000000e+01
3.550000000000000000e+02
2.570000000000000000e+02
2.850000000000000000e+02
1.920000000000000000e+02
2.570000000000000000e+02
1.810000000000000000e+02
1.850000000000000000e+02
6.400000000000000000e+01
2.730000000000000000e+02
3.210000000000000000e+02
4.800000000000000000e+01
5.200000000000000000e+01
5.800000000000000000e+01
5.800000000000000000e+01
2.570000000000000000e+02
6.200000000000000000e+01
3.550000000000000000e+02
3.210000000000000000e+02
1.800000000000000000e+02
1.860000000000000000e+02
1.900000000000000000e+02
2.610000000000000000e+02
3.400000000000000000e+01
7.400000000000000000e+01
3.550000000000000000e+02
3.430000000000000000e+02
1.860000000000000000e+02
1.900000000000000000e+02
1.930000000000000000e+02
6.000000000000000000e+01
6.200000000000000000e+01
2.570000000000000000e+02
6.200000000000000000e+01
3.550000000000000000e+02
2.750000000000000000e+02
1.900000000000000000e+02
1.900000000000000000e+02
2.570000000000000000e+02
4.600000000000000000e+01
5.300000000000000000e+01
5.800000000000000000e+01
6.200000000000000000e+01
3.550000000000000000e+02
2.890000000000000000e+02
1.900000000000000000e+02
2.670000000000000000e+02
1.860000000000000000e+02
2.770000000000000000e+02
1.860000000000000000e+02
5.300000000000000000e+01
6.200000000000000000e+01
1.740000000000000000e+02
1.810000000000000000e+02
1.860000000000000000e+02
2.610000000000000000e+02
4.600000000000000000e+01
5.300000000000000000e+01
5.800000000000000000e+01
6.200000000000000000e+01
3.490000000000000000e+02
1.740000000000000000e+02
1.810000000000000000e+02
1.860000000000000000e+02
1.900000000000000000e+02
3.550000000000000000e+02
2.990000000000000000e+02
1.740000000000000000e+02
1.810000000000000000e+02
1.900000000000000000e+02
4.600000000000000000e+01
5.300000000000000000e+01
5.800000000000000000e+01
6.200000000000000000e+01
3.550000000000000000e+02
2.570000000000000000e+02
1.740000000000000000e+02
1.860000000000000000e+02
1.900000000000000000e+02
2.570000000000000000e+02
1.740000000000000000e+02
5.300000000000000000e+01
5.800000000000000000e+01
6.200000000000000000e+01
3.490000000000000000e+02
1.810000000000000000e+02
1.860000000000000000e+02
1.900000000000000000e+02
2.570000000000000000e+02
4.600000000000000000e+01
5.300000000000000000e+01
5.800000000000000000e+01
5.800000000000000000e+01
2.570000000000000000e+02
6.200000000000000000e+01
3.090000000000000000e+02
1.740000000000000000e+02
1.810000000000000000e+02
1.860000000000000000e+02
1.900000000000000000e+02
3.490000000000000000e+02
2.020000000000000000e+02
2.570000000000000000e+02
5.300000000000000000e+01
5.800000000000000000e+01
6.000000000000000000e+01
2.570000000000000000e+02
1.860000000000000000e+02
3.490000000000000000e+02
1.880000000000000000e+02
1.930000000000000000e+02
1.810000000000000000e+02
1.860000000000000000e+02
1.860000000000000000e+02
5.300000000000000000e+01
5.800000000000000000e+01
2.570000000000000000e+02
4.600000000000000000e+01
5.800000000000000000e+01
6.200000000000000000e+01
7.000000000000000000e+01
3.550000000000000000e+02
1.860000000000000000e+02
1.900000000000000000e+02
2.570000000000000000e+02
4.600000000000000000e+01
3.290000000000000000e+02
1.740000000000000000e+02
1.810000000000000000e+02
1.860000000000000000e+02
1.860000000000000000e+02
2.570000000000000000e+02
4.600000000000000000e+01
5.300000000000000000e+01
5.800000000000000000e+01
6.200000000000000000e+01
3.550000000000000000e+02
2.710000000000000000e+02
1.810000000000000000e+02
1.860000000000000000e+02
1.900000000000000000e+02
2.570000000000000000e+02
5.200000000000000000e+01
6.000000000000000000e+01
6.200000000000000000e+01
3.030000000000000000e+02
1.880000000000000000e+02
2.570000000000000000e+02
1.800000000000000000e+02
5.200000000000000000e+01
4.600000000000000000e+01
5.500000000000000000e+01
6.000000000000000000e+01
6.000000000000000000e+01
2.570000000000000000e+02
1.760000000000000000e+02
1.810000000000000000e+02
1.860000000000000000e+02
1.900000000000000000e+02
2.870000000000000000e+02
5.500000000000000000e+01
5.300000000000000000e+01
5.800000000000000000e+01
6.200000000000000000e+01
3.410000000000000000e+02
1.810000000000000000e+02
1.860000000000000000e+02
1.900000000000000000e+02
3.490000000000000000e+02
7.700000000000000000e+01
5.300000000000000000e+01
5.800000000000000000e+01
6.200000000000000000e+01
2.850000000000000000e+02
1.740000000000000000e+02
1.810000000000000000e+02
1.860000000000000000e+02
1.900000000000000000e+02
3.550000000000000000e+02
3.210000000000000000e+02
1.740000000000000000e+02
1.860000000000000000e+02
1.900000000000000000e+02
2.570000000000000000e+02
4.600000000000000000e+01
5.300000000000000000e+01
5.800000000000000000e+01
6.200000000000000000e+01
2.890000000000000000e+02
1.810000000000000000e+02
1.860000000000000000e+02
1.900000000000000000e+02
2.850000000000000000e+02
1.740000000000000000e+02
2.570000000000000000e+02
4.600000000000000000e+01
5.300000000000000000e+01
5.800000000000000000e+01
6.200000000000000000e+01
2.570000000000000000e+02
6.200000000000000000e+01
3.550000000000000000e+02
1.740000000000000000e+02
1.810000000000000000e+02
1.860000000000000000e+02
1.900000000000000000e+02
2.570000000000000000e+02
3.550000000000000000e+02
3.430000000000000000e+02
5.300000000000000000e+01
5.800000000000000000e+01
6.200000000000000000e+01
3.550000000000000000e+02
2.570000000000000000e+02
1.860000000000000000e+02
2.570000000000000000e+02
1.810000000000000000e+02
1.900000000000000000e+02
2.570000000000000000e+02
1.740000000000000000e+02
5.300000000000000000e+01
1.900000000000000000e+02
3.550000000000000000e+02
2.810000000000000000e+02
4.600000000000000000e+01
5.700000000000000000e+01
5.800000000000000000e+01
6.200000000000000000e+01
3.490000000000000000e+02
1.810000000000000000e+02
1.860000000000000000e+02
1.860000000000000000e+02
1.900000000000000000e+02
