[array([[355],
       [355],
       [355],
       ...,
       [174],
       [294],
       [162]]), array([[355],
       [355],
       [355],
       ...,
       [174],
       [279],
       [162]]), array([[355],
       [355],
       [355],
       ...,
       [174],
       [331],
       [162]]), array([[355],
       [355],
       [355],
       ...,
       [174],
       [294],
       [162]]), array([[355],
       [355],
       [355],
       ...,
       [174],
       [274],
       [162]]), array([[355],
       [355],
       [355],
       ...,
       [174],
       [279],
       [162]]), array([[355],
       [355],
       [355],
       ...,
       [174],
       [293],
       [162]]), array([[355],
       [355],
       [355],
       ...,
       [174],
       [279],
       [162]]), array([[355],
       [355],
       [355],
       ...,
       [159],
       [260],
       [171]]), array([[295],
       [387],
       [ 45],
       ...,
       [173],
       [263],
       [209]]), array([[295],
       [387],
       [ 45],
       ...,
       [173],
       [263],
       [209]]), array([[355],
       [355],
       [355],
       ...,
       [186],
       [256],
       [198]]), array([[355],
       [355],
       [355],
       ...,
       [257],
       [183],
       [195]]), array([[355],
       [355],
       [355],
       ...,
       [257],
       [183],
       [195]]), array([[355],
       [355],
       [355],
       ...,
       [188],
       [269],
       [157]]), array([[355],
       [355],
       [355],
       ...,
       [176],
       [269],
       [157]]), array([[355],
       [355],
       [355],
       ...,
       [345],
       [199],
       [206]]), array([[355],
       [355],
       [355],
       ...,
       [210],
       [258],
       [162]]), array([[355],
       [355],
       [355],
       ...,
       [190],
       [186],
       [198]]), array([[355],
       [355],
       [355],
       ...,
       [210],
       [258],
       [162]]), array([[355],
       [355],
       [355],
       ...,
       [210],
       [258],
       [162]]), array([[377],
       [ 37],
       [355],
       ...,
       [190],
       [193],
       [198]]), array([[355],
       [355],
       [355],
       ...,
       [210],
       [258],
       [162]]), array([[376],
       [ 65],
       [279],
       ...,
       [181],
       [185],
       [193]]), array([[381],
       [ 42],
       [262],
       ...,
       [185],
       [258],
       [192]]), array([[355],
       [355],
       [355],
       ...,
       [185],
       [256],
       [192]]), array([[355],
       [355],
       [355],
       ...,
       [185],
       [256],
       [192]]), array([[355],
       [355],
       [355],
       ...,
       [185],
       [256],
       [192]]), array([[355],
       [355],
       [355],
       ...,
       [256],
       [192],
       [197]]), array([[355],
       [355],
       [355],
       ...,
       [256],
       [192],
       [197]]), array([[258],
       [368],
       [ 54],
       ...,
       [182],
       [283],
       [182]]), array([[381],
       [ 60],
       [381],
       ...,
       [355],
       [275],
       [164]]), array([[355],
       [355],
       [355],
       ...,
       [190],
       [268],
       [171]]), array([[355],
       [355],
       [355],
       ...,
       [195],
       [264],
       [183]]), array([[377],
       [ 37],
       [355],
       ...,
       [211],
       [257],
       [207]]), array([[355],
       [355],
       [355],
       ...,
       [190],
       [275],
       [171]]), array([[360],
       [ 50],
       [360],
       ...,
       [197],
       [202],
       [206]]), array([[355],
       [355],
       [355],
       ...,
       [190],
       [190],
       [190]]), array([[355],
       [355],
       [355],
       ...,
       [271],
       [190],
       [190]]), array([[355],
       [355],
       [355],
       ...,
       [323],
       [195],
       [197]]), array([[373],
       [ 50],
       [355],
       ...,
       [206],
       [256],
       [178]]), array([[355],
       [355],
       [355],
       ...,
       [190],
       [206],
       [190]]), array([[379],
       [ 50],
       [379],
       ...,
       [190],
       [285],
       [194]]), array([[261],
       [372],
       [ 50],
       ...,
       [202],
       [206],
       [206]]), array([[355],
       [355],
       [355],
       ...,
       [265],
       [190],
       [190]]), array([[355],
       [355],
       [355],
       ...,
       [355],
       [315],
       [187]]), array([[355],
       [355],
       [355],
       ...,
       [190],
       [190],
       [190]]), array([[378],
       [ 50],
       [378],
       ...,
       [190],
       [190],
       [190]]), array([[371],
       [ 38],
       [379],
       ...,
       [275],
       [154],
       [166]]), array([[355],
       [355],
       [355],
       ...,
       [260],
       [190],
       [190]]), array([[355],
       [355],
       [355],
       ...,
       [197],
       [202],
       [206]]), array([[371],
       [ 50],
       [379],
       ...,
       [275],
       [166],
       [166]]), array([[371],
       [ 38],
       [379],
       ...,
       [275],
       [154],
       [166]]), array([[360],
       [ 50],
       [360],
       ...,
       [197],
       [202],
       [206]]), array([[355],
       [355],
       [355],
       ...,
       [265],
       [190],
       [190]]), array([[355],
       [355],
       [355],
       ...,
       [271],
       [190],
       [190]]), array([[355],
       [355],
       [355],
       ...,
       [202],
       [206],
       [206]]), array([[368],
       [ 50],
       [368],
       ...,
       [197],
       [202],
       [206]]), array([[381],
       [ 50],
       [315],
       ...,
       [197],
       [202],
       [206]]), array([[378],
       [ 50],
       [378],
       ...,
       [190],
       [190],
       [190]]), array([[360],
       [ 50],
       [360],
       ...,
       [197],
       [202],
       [206]]), array([[375],
       [ 50],
       [375],
       ...,
       [197],
       [202],
       [206]]), array([[373],
       [ 50],
       [355],
       ...,
       [206],
       [256],
       [178]]), array([[355],
       [315],
       [378],
       ...,
       [190],
       [190],
       [190]]), array([[378],
       [ 50],
       [387],
       ...,
       [190],
       [190],
       [190]]), array([[355],
       [355],
       [355],
       ...,
       [197],
       [202],
       [206]]), array([[373],
       [ 50],
       [355],
       ...,
       [206],
       [256],
       [178]]), array([[261],
       [372],
       [ 50],
       ...,
       [202],
       [206],
       [206]]), array([[371],
       [ 38],
       [379],
       ...,
       [275],
       [154],
       [166]]), array([[379],
       [ 50],
       [379],
       ...,
       [206],
       [206],
       [209]]), array([[355],
       [355],
       [355],
       ...,
       [197],
       [169],
       [193]]), array([[355],
       [355],
       [355],
       ...,
       [193],
       [196],
       [205]]), array([[380],
       [ 42],
       [284],
       ...,
       [189],
       [265],
       [194]]), array([[355],
       [355],
       [355],
       ...,
       [182],
       [262],
       [177]]), array([[384],
       [ 62],
       [343],
       ...,
       [165],
       [166],
       [172]]), array([[355],
       [355],
       [343],
       ...,
       [355],
       [299],
       [171]]), array([[379],
       [ 43],
       [379],
       ...,
       [183],
       [187],
       [195]]), array([[355],
       [355],
       [355],
       ...,
       [183],
       [187],
       [195]]), array([[379],
       [ 43],
       [379],
       ...,
       [183],
       [187],
       [195]]), array([[355],
       [355],
       [355],
       ...,
       [355],
       [291],
       [159]]), array([[379],
       [ 43],
       [379],
       ...,
       [183],
       [187],
       [195]]), array([[386],
       [ 43],
       [386],
       ...,
       [183],
       [187],
       [195]]), array([[379],
       [ 43],
       [379],
       ...,
       [183],
       [187],
       [195]]), array([[379],
       [ 43],
       [379],
       ...,
       [183],
       [187],
       [195]]), array([[379],
       [ 43],
       [379],
       ...,
       [183],
       [187],
       [195]]), array([[379],
       [ 43],
       [379],
       ...,
       [183],
       [187],
       [195]]), array([[367],
       [ 55],
       [370],
       ...,
       [257],
       [168],
       [192]]), array([[355],
       [355],
       [355],
       ...,
       [159],
       [159],
       [171]]), array([[355],
       [355],
       [355],
       ...,
       [315],
       [183],
       [185]]), array([[355],
       [355],
       [355],
       ...,
       [295],
       [164],
       [177]]), array([[355],
       [355],
       [355],
       ...,
       [171],
       [265],
       [195]]), array([[376],
       [ 50],
       [376],
       ...,
       [187],
       [190],
       [195]]), array([[376],
       [ 50],
       [376],
       ...,
       [187],
       [190],
       [195]]), array([[377],
       [ 60],
       [257],
       ...,
       [260],
       [178],
       [190]]), array([[377],
       [ 60],
       [257],
       ...,
       [260],
       [178],
       [190]]), array([[355],
       [355],
       [355],
       ...,
       [188],
       [193],
       [197]]), array([[355],
       [355],
       [355],
       ...,
       [202],
       [202],
       [206]]), array([[355],
       [355],
       [355],
       ...,
       [183],
       [183],
       [183]]), array([[355],
       [355],
       [295],
       ...,
       [275],
       [178],
       [183]]), array([[387],
       [ 37],
       [387],
       ...,
       [164],
       [171],
       [176]]), array([[380],
       [ 37],
       [375],
       ...,
       [164],
       [171],
       [176]]), array([[380],
       [ 37],
       [375],
       ...,
       [164],
       [171],
       [176]]), array([[355],
       [355],
       [355],
       ...,
       [387],
       [ 67],
       [195]]), array([[355],
       [355],
       [355],
       ...,
       [384],
       [ 67],
       [195]]), array([[355],
       [355],
       [355],
       ...,
       [195],
       [256],
       [197]]), array([[355],
       [355],
       [355],
       ...,
       [183],
       [256],
       [185]]), array([[355],
       [355],
       [355],
       ...,
       [195],
       [256],
       [197]]), array([[355],
       [355],
       [355],
       ...,
       [187],
       [260],
       [199]]), array([[387],
       [ 29],
       [386],
       ...,
       [165],
       [271],
       [198]]), array([[355],
       [355],
       [355],
       ...,
       [231],
       [277],
       [235]]), array([[378],
       [ 36],
       [378],
       ...,
       [185],
       [188],
       [176]]), array([[355],
       [355],
       [355],
       ...,
       [185],
       [188],
       [176]]), array([[381],
       [ 36],
       [381],
       ...,
       [185],
       [188],
       [176]]), array([[381],
       [ 36],
       [381],
       ...,
       [185],
       [188],
       [176]]), array([[355],
       [355],
       [355],
       ...,
       [185],
       [188],
       [176]]), array([[376],
       [ 55],
       [376],
       ...,
       [195],
       [200],
       [204]]), array([[387],
       [ 36],
       [387],
       ...,
       [192],
       [303],
       [200]]), array([[374],
       [ 36],
       [373],
       ...,
       [192],
       [274],
       [164]]), array([[355],
       [355],
       [355],
       ...,
       [185],
       [188],
       [176]]), array([[387],
       [ 36],
       [387],
       ...,
       [185],
       [188],
       [176]]), array([[377],
       [ 37],
       [355],
       ...,
       [190],
       [256],
       [188]]), array([[355],
       [355],
       [355],
       ...,
       [188],
       [192],
       [195]]), array([[355],
       [355],
       [355],
       ...,
       [192],
       [195],
       [200]]), array([[387],
       [ 48],
       [387],
       ...,
       [192],
       [195],
       [188]]), array([[355],
       [355],
       [355],
       ...,
       [231],
       [277],
       [235]]), array([[374],
       [ 36],
       [373],
       ...,
       [192],
       [274],
       [164]]), array([[355],
       [355],
       [355],
       ...,
       [185],
       [188],
       [176]]), array([[355],
       [355],
       [355],
       ...,
       [231],
       [277],
       [235]]), array([[355],
       [355],
       [355],
       ...,
       [355],
       [311],
       [200]]), array([[378],
       [ 44],
       [305],
       ...,
       [183],
       [192],
       [195]]), array([[355],
       [355],
       [355],
       ...,
       [257],
       [188],
       [164]]), array([[381],
       [ 36],
       [380],
       ...,
       [192],
       [315],
       [164]]), array([[374],
       [ 36],
       [373],
       ...,
       [192],
       [274],
       [164]]), array([[355],
       [355],
       [355],
       ...,
       [183],
       [271],
       [176]]), array([[355],
       [355],
       [355],
       ...,
       [185],
       [188],
       [176]]), array([[256],
       [380],
       [ 36],
       ...,
       [355],
       [320],
       [152]]), array([[355],
       [355],
       [355],
       ...,
       [185],
       [188],
       [176]]), array([[374],
       [ 36],
       [373],
       ...,
       [192],
       [274],
       [164]]), array([[355],
       [355],
       [355],
       ...,
       [185],
       [188],
       [176]]), array([[381],
       [ 36],
       [381],
       ...,
       [185],
       [188],
       [176]]), array([[374],
       [ 36],
       [373],
       ...,
       [192],
       [274],
       [164]]), array([[355],
       [355],
       [355],
       ...,
       [192],
       [274],
       [164]]), array([[381],
       [ 36],
       [381],
       ...,
       [185],
       [188],
       [176]]), array([[387],
       [ 36],
       [387],
       ...,
       [387],
       [ 72],
       [200]]), array([[355],
       [355],
       [355],
       ...,
       [185],
       [188],
       [176]]), array([[259],
       [384],
       [ 48],
       ...,
       [164],
       [200],
       [192]]), array([[378],
       [ 36],
       [378],
       ...,
       [185],
       [188],
       [176]]), array([[355],
       [355],
       [355],
       ...,
       [192],
       [195],
       [200]]), array([[355],
       [355],
       [355],
       ...,
       [190],
       [258],
       [178]]), array([[355],
       [355],
       [355],
       ...,
       [185],
       [188],
       [176]]), array([[260],
       [385],
       [ 31],
       ...,
       [164],
       [200],
       [192]]), array([[355],
       [355],
       [355],
       ...,
       [185],
       [188],
       [176]]), array([[355],
       [347],
       [381],
       ...,
       [183],
       [256],
       [188]]), array([[387],
       [ 52],
       [387],
       ...,
       [355],
       [303],
       [194]]), array([[387],
       [ 36],
       [386],
       ...,
       [ 38],
       [263],
       [166]]), array([[355],
       [355],
       [355],
       ...,
       [184],
       [187],
       [192]]), array([[355],
       [355],
       [355],
       ...,
       [184],
       [187],
       [192]]), array([[355],
       [355],
       [355],
       ...,
       [192],
       [258],
       [216]]), array([[355],
       [355],
       [355],
       ...,
       [184],
       [187],
       [192]]), array([[355],
       [355],
       [355],
       ...,
       [194],
       [263],
       [202]]), array([[355],
       [355],
       [355],
       ...,
       [177],
       [181],
       [184]]), array([[383],
       [ 42],
       [268],
       ...,
       [372],
       [ 64],
       [192]]), array([[379],
       [ 38],
       [315],
       ...,
       [196],
       [199],
       [207]]), array([[355],
       [355],
       [355],
       ...,
       [194],
       [197],
       [202]]), array([[355],
       [355],
       [355],
       ...,
       [194],
       [197],
       [202]]), array([[355],
       [355],
       [355],
       ...,
       [194],
       [197],
       [202]]), array([[355],
       [355],
       [355],
       ...,
       [355],
       [313],
       [158]]), array([[355],
       [355],
       [355],
       ...,
       [355],
       [313],
       [158]]), array([[355],
       [355],
       [355],
       ...,
       [196],
       [189],
       [193]]), array([[355],
       [355],
       [355],
       ...,
       [196],
       [189],
       [193]]), array([[355],
       [355],
       [355],
       ...,
       [355],
       [279],
       [187]]), array([[355],
       [355],
       [272],
       ...,
       [199],
       [269],
       [187]]), array([[355],
       [355],
       [355],
       ...,
       [256],
       [159],
       [187]]), array([[355],
       [355],
       [355],
       ...,
       [256],
       [159],
       [187]]), array([[355],
       [355],
       [355],
       ...,
       [260],
       [185],
       [185]]), array([[355],
       [355],
       [355],
       ...,
       [275],
       [185],
       [185]]), array([[355],
       [355],
       [355],
       ...,
       [192],
       [197],
       [201]]), array([[355],
       [355],
       [355],
       ...,
       [192],
       [197],
       [201]]), array([[355],
       [355],
       [355],
       ...,
       [192],
       [197],
       [201]]), array([[355],
       [355],
       [355],
       ...,
       [204],
       [209],
       [213]]), array([[355],
       [355],
       [355],
       ...,
       [192],
       [197],
       [201]]), array([[355],
       [355],
       [355],
       ...,
       [192],
       [197],
       [201]]), array([[355],
       [355],
       [355],
       ...,
       [192],
       [197],
       [201]]), array([[355],
       [355],
       [355],
       ...,
       [197],
       [257],
       [189]]), array([[355],
       [355],
       [355],
       ...,
       [192],
       [197],
       [201]]), array([[355],
       [355],
       [355],
       ...,
       [192],
       [197],
       [201]]), array([[355],
       [355],
       [355],
       ...,
       [197],
       [264],
       [201]]), array([[355],
       [355],
       [355],
       ...,
       [192],
       [197],
       [201]]), array([[355],
       [355],
       [355],
       ...,
       [192],
       [197],
       [201]]), array([[355],
       [355],
       [355],
       ...,
       [192],
       [197],
       [201]]), array([[355],
       [355],
       [355],
       ...,
       [263],
       [192],
       [201]]), array([[355],
       [355],
       [355],
       ...,
       [195],
       [200],
       [200]]), array([[355],
       [355],
       [355],
       ...,
       [212],
       [285],
       [188]]), array([[381],
       [ 33],
       [381],
       ...,
       [185],
       [197],
       [197]]), array([[370],
       [ 45],
       [373],
       ...,
       [173],
       [173],
       [185]]), array([[370],
       [ 45],
       [373],
       ...,
       [173],
       [173],
       [185]]), array([[377],
       [ 43],
       [369],
       ...,
       [195],
       [199],
       [199]]), array([[377],
       [ 43],
       [369],
       ...,
       [195],
       [199],
       [199]]), array([[377],
       [ 43],
       [369],
       ...,
       [195],
       [199],
       [199]]), array([[379],
       [ 50],
       [355],
       ...,
       [164],
       [173],
       [193]]), array([[355],
       [355],
       [355],
       ...,
       [263],
       [178],
       [194]]), array([[355],
       [355],
       [355],
       ...,
       [133],
       [140],
       [141]]), array([[355],
       [355],
       [355],
       ...,
       [155],
       [163],
       [185]]), array([[355],
       [355],
       [355],
       ...,
       [202],
       [261],
       [194]]), array([[355],
       [355],
       [355],
       ...,
       [196],
       [269],
       [203]]), array([[355],
       [355],
       [355],
       ...,
       [355],
       [315],
       [163]]), array([[355],
       [355],
       [355],
       ...,
       [355],
       [315],
       [163]]), array([[355],
       [301],
       [387],
       ...,
       [161],
       [355],
       [164]]), array([[355],
       [355],
       [355],
       ...,
       [196],
       [269],
       [203]]), array([[355],
       [355],
       [355],
       ...,
       [257],
       [191],
       [203]]), array([[355],
       [355],
       [355],
       ...,
       [196],
       [269],
       [203]]), array([[355],
       [355],
       [355],
       ...,
       [355],
       [268],
       [163]])]